-1  1.51485e-022
-0.99  4.09724e-022
-0.98  1.09716e-021
-0.97  2.90875e-021
-0.96  7.63485e-021
-0.95  1.98405e-020
-0.94  5.10458e-020
-0.93  1.30024e-019
-0.92  3.27905e-019
-0.91  8.18704e-019
-0.9  2.02378e-018
-0.89  4.95287e-018
-0.88  1.20007e-017
-0.87  2.87882e-017
-0.86  6.83723e-017
-0.85  1.60769e-016
-0.84  3.74266e-016
-0.83  8.62614e-016
-0.82  1.96838e-015
-0.81  4.44692e-015
-0.8  9.94641e-015
-0.79  2.20257e-014
-0.78  4.82894e-014
-0.77  1.04817e-013
-0.76  2.2525e-013
-0.75  4.79245e-013
-0.74  1.0095e-012
-0.73  2.1053e-012
-0.72  4.34687e-012
-0.71  8.88582e-012
-0.7  1.79835e-011
-0.69  3.60338e-011
-0.68  7.14828e-011
-0.67  1.40395e-010
-0.66  2.72996e-010
-0.65  5.25556e-010
-0.64  1.0017e-009
-0.63  1.89024e-009
-0.62  3.53142e-009
-0.61  6.53192e-009
-0.6  1.19616e-008
-0.59  2.16867e-008
-0.58  3.89275e-008
-0.57  6.91793e-008
-0.56  1.21717e-007
-0.55  2.12024e-007
-0.54  3.65659e-007
-0.53  6.24344e-007
-0.52  1.05543e-006
-0.51  1.7664e-006
-0.5  2.92691e-006
-0.49  4.80159e-006
-0.48  7.79861e-006
-0.47  1.25403e-005
-0.46  1.99643e-005
-0.45  3.14672e-005
-0.44  4.91043e-005
-0.43  7.58643e-005
-0.42  0.000116041
-0.41  0.00017573
-0.4  0.000263472
-0.39  0.000391093
-0.38  0.000574756
-0.37  0.000836265
-0.36  0.00120465
-0.35  0.00171805
-0.34  0.00242587
-0.33  0.00339122
-0.32  0.00469356
-0.31  0.00643139
-0.3  0.00872499
-0.29  0.0117188
-0.28  0.0155832
-0.27  0.0205157
-0.26  0.0267408
-0.25  0.034508
-0.24  0.0440881
-0.23  0.0557675
-0.22  0.0698389
-0.21  0.0865906
-0.2  0.106292
-0.19  0.129178
-0.18  0.155429
-0.17  0.185155
-0.16  0.21837
-0.15  0.254981
-0.14  0.294769
-0.13  0.337374
-0.12  0.382294
-0.11  0.428886
-0.1  0.476368
-0.09  0.523842
-0.08  0.570316
-0.07  0.614735
-0.06  0.65602
-0.05  0.693111
-0.04  0.725014
-0.03  0.750839
-0.02  0.769846
-0.01  0.781481
7.5287e-016  0.785398
0.01  0.781481
0.02  0.769846
0.03  0.750839
0.04  0.725014
0.05  0.693111
0.06  0.65602
0.07  0.614735
0.08  0.570316
0.09  0.523842
0.1  0.476368
0.11  0.428886
0.12  0.382294
0.13  0.337374
0.14  0.294769
0.15  0.254981
0.16  0.21837
0.17  0.185155
0.18  0.155429
0.19  0.129178
0.2  0.106292
0.21  0.0865906
0.22  0.0698389
0.23  0.0557675
0.24  0.0440881
0.25  0.034508
0.26  0.0267408
0.27  0.0205157
0.28  0.0155832
0.29  0.0117188
0.3  0.00872499
0.31  0.00643139
0.32  0.00469356
0.33  0.00339122
0.34  0.00242587
0.35  0.00171805
0.36  0.00120465
0.37  0.000836265
0.38  0.000574756
0.39  0.000391093
0.4  0.000263472
0.41  0.00017573
0.42  0.000116041
0.43  7.58643e-005
0.44  4.91043e-005
0.45  3.14672e-005
0.46  1.99643e-005
0.47  1.25403e-005
0.48  7.79861e-006
0.49  4.80159e-006
0.5  2.92691e-006
0.51  1.7664e-006
0.52  1.05543e-006
0.53  6.24344e-007
0.54  3.65659e-007
0.55  2.12024e-007
0.56  1.21717e-007
0.57  6.91793e-008
0.58  3.89275e-008
0.59  2.16867e-008
0.6  1.19616e-008
0.61  6.53192e-009
0.62  3.53142e-009
0.63  1.89024e-009
0.64  1.0017e-009
0.65  5.25556e-010
0.66  2.72996e-010
0.67  1.40395e-010
0.68  7.14828e-011
0.69  3.60338e-011
0.7  1.79835e-011
0.71  8.88582e-012
0.72  4.34687e-012
0.73  2.1053e-012
0.74  1.0095e-012
0.75  4.79245e-013
0.76  2.2525e-013
0.77  1.04817e-013
0.78  4.82894e-014
0.79  2.20257e-014
0.8  9.94641e-015
0.81  4.44692e-015
0.82  1.96838e-015
0.83  8.62614e-016
0.84  3.74266e-016
0.85  1.60769e-016
0.86  6.83723e-017
0.87  2.87882e-017
0.88  1.20007e-017
0.89  4.95287e-018
0.9  2.02378e-018
0.91  8.18704e-019
0.92  3.27905e-019
0.93  1.30024e-019
0.94  5.10458e-020
0.95  1.98405e-020
0.96  7.63485e-021
0.97  2.90875e-021
0.98  1.09716e-021
0.99  4.09723e-022
