-20    1.59397e-008
-19.9    1.73948e-007
-19.8    5.0364e-007
-19.7    1.00665e-006
-19.6    1.68284e-006
-19.5    2.53024e-006
-19.4    3.54502e-006
-19.3    4.72151e-006
-19.2    6.05217e-006
-19.1    7.52765e-006
-19    9.13682e-006
-18.9    1.08669e-005
-18.8    1.27033e-005
-18.7    1.46303e-005
-18.6    1.66303e-005
-18.5    1.8685e-005
-18.4    2.07745e-005
-18.3    2.28784e-005
-18.2    2.49753e-005
-18.1    2.70436e-005
-18    2.90612e-005
-17.9    3.1006e-005
-17.8    3.2856e-005
-17.7    3.45898e-005
-17.6    3.61866e-005
-17.5    3.76265e-005
-17.4    3.88907e-005
-17.3    3.9962e-005
-17.2    4.08248e-005
-17.1    4.14653e-005
-17    4.18719e-005
-16.9    4.20354e-005
-16.8    4.19491e-005
-16.7    4.16089e-005
-16.6    4.10138e-005
-16.5    4.01655e-005
-16.4    3.90692e-005
-16.3    3.77329e-005
-16.2    3.61683e-005
-16.1    3.43901e-005
-16    3.24165e-005
-15.9    3.02688e-005
-15.8    2.79716e-005
-15.7    2.55525e-005
-15.6    2.30424e-005
-15.5    2.04746e-005
-15.4    1.78853e-005
-15.3    1.53129e-005
-15.2    1.2798e-005
-15.1    1.03831e-005
-15    8.11195e-006
-14.9    6.02963e-006
-14.8    4.1819e-006
-14.7    2.6149e-006
-14.6    1.37468e-006
-14.5    5.06756e-007
-14.4    5.57071e-008
-14.3    6.46522e-008
-14.2    5.74802e-007
-14.1    1.62498e-006
-14    3.25113e-006
-13.9    5.48588e-006
-13.8    8.35804e-006
-13.7    1.18922e-005
-13.6    1.61082e-005
-13.5    2.10209e-005
-13.4    2.66396e-005
-13.3    3.29679e-005
-13.2    4.00033e-005
-13.1    4.77366e-005
-13    5.61525e-005
-12.9    6.52285e-005
-12.8    7.49354e-005
-12.7    8.5237e-005
-12.6    9.609e-005
-12.5    0.000107444
-12.4    0.000119243
-12.3    0.000131423
-12.2    0.000143913
-12.1    0.000156639
-12    0.000169518
-11.9    0.000182463
-11.8    0.000195383
-11.7    0.000208182
-11.6    0.000220762
-11.5    0.000233021
-11.4    0.000244854
-11.3    0.000256158
-11.2    0.000266827
-11.1    0.000276757
-11    0.000285847
-10.9    0.000293996
-10.8    0.000301108
-10.7    0.000307094
-10.6    0.000311869
-10.5    0.000315355
-10.4    0.000317482
-10.3    0.000318193
-10.2    0.000317437
-10.1    0.000315177
-10    0.00031139
-9.9    0.000306063
-9.8    0.000299202
-9.7    0.000290827
-9.6    0.000280973
-9.5    0.000269696
-9.4    0.000257067
-9.3    0.000243179
-9.2    0.000228142
-9.1    0.000212086
-9    0.000195163
-8.9    0.000177545
-8.8    0.000159423
-8.7    0.000141012
-8.6    0.000122544
-8.5    0.000104275
-8.4    8.64766e-005
-8.3    6.9444e-005
-8.2    5.34888e-005
-8.1    3.89414e-005
-8    2.6149e-005
-7.9    1.54748e-005
-7.8    7.29681e-006
-7.7    2.00625e-006
-7.6    6.37141e-009
-7.5    1.71067e-006
-7.4    7.54121e-006
-7.3    1.79268e-005
-7.2    3.33008e-005
-7.1    5.40997e-005
-7    8.07601e-005
-6.9    0.000113717
-6.8    0.000153402
-6.7    0.00020024
-6.6    0.000254647
-6.5    0.000317029
-6.4    0.000387776
-6.3    0.000467264
-6.2    0.00055585
-6.1    0.000653871
-6    0.000761638
-5.9    0.000879439
-5.8    0.00100753
-5.7    0.00114615
-5.6    0.00129548
-5.5    0.0014557
-5.4    0.00162691
-5.3    0.00180922
-5.2    0.00200267
-5.1    0.00220727
-5    0.00242298
-4.9    0.00264972
-4.8    0.00288736
-4.7    0.00313573
-4.6    0.00339463
-4.5    0.00366377
-4.4    0.00394287
-4.3    0.00423155
-4.2    0.00452941
-4.1    0.00483602
-4    0.00515086
-3.9    0.00547342
-3.8    0.00580309
-3.7    0.00613927
-3.6    0.0064813
-3.5    0.00682846
-3.4    0.00718003
-3.3    0.00753523
-3.2    0.00789327
-3.1    0.00825331
-3    0.00861451
-2.9    0.00897598
-2.8    0.00933683
-2.7    0.00969614
-2.6    0.010053
-2.5    0.0104064
-2.4    0.0107555
-2.3    0.0110993
-2.2    0.0114369
-2.1    0.0117673
-2    0.0120897
-1.9    0.012403
-1.8    0.0127064
-1.7    0.012999
-1.6    0.0132799
-1.5    0.0135484
-1.4    0.0138036
-1.3    0.0140448
-1.2    0.0142712
-1.1    0.0144822
-1    0.014677
-0.9    0.0148552
-0.8    0.0150161
-0.7    0.0151593
-0.6    0.0152843
-0.5    0.0153908
-0.4    0.0154784
-0.3    0.0155467
-0.2    0.0155957
-0.1    0.0156252
1.52933e-014    0.015635
0.1    0.0156252
0.2    0.0155957
0.3    0.0155467
0.4    0.0154784
0.5    0.0153908
0.6    0.0152843
0.7    0.0151593
0.8    0.0150161
0.9    0.0148552
1    0.014677
1.1    0.0144822
1.2    0.0142712
1.3    0.0140448
1.4    0.0138036
1.5    0.0135484
1.6    0.0132799
1.7    0.012999
1.8    0.0127064
1.9    0.012403
2    0.0120897
2.1    0.0117673
2.2    0.0114369
2.3    0.0110993
2.4    0.0107555
2.5    0.0104064
2.6    0.010053
2.7    0.00969614
2.8    0.00933683
2.9    0.00897598
3    0.00861451
3.1    0.00825331
3.2    0.00789327
3.3    0.00753523
3.4    0.00718003
3.5    0.00682846
3.6    0.0064813
3.7    0.00613927
3.8    0.00580309
3.9    0.00547342
4    0.00515086
4.1    0.00483602
4.2    0.00452941
4.3    0.00423155
4.4    0.00394287
4.5    0.00366377
4.6    0.00339463
4.7    0.00313573
4.8    0.00288736
4.9    0.00264972
5    0.00242298
5.1    0.00220727
5.2    0.00200267
5.3    0.00180922
5.4    0.00162691
5.5    0.0014557
5.6    0.00129548
5.7    0.00114615
5.8    0.00100753
5.9    0.000879439
6    0.000761638
6.1    0.000653871
6.2    0.00055585
6.3    0.000467264
6.4    0.000387776
6.5    0.000317029
6.6    0.000254647
6.7    0.00020024
6.8    0.000153402
6.9    0.000113717
7    8.07601e-005
7.1    5.40997e-005
7.2    3.33008e-005
7.3    1.79268e-005
7.4    7.54121e-006
7.5    1.71067e-006
7.6    6.37141e-009
7.7    2.00625e-006
7.8    7.29681e-006
7.9    1.54748e-005
8    2.6149e-005
8.1    3.89414e-005
8.2    5.34888e-005
8.3    6.9444e-005
8.4    8.64766e-005
8.5    0.000104275
8.6    0.000122544
8.7    0.000141012
8.8    0.000159423
8.9    0.000177545
9    0.000195163
9.1    0.000212086
9.2    0.000228142
9.3    0.000243179
9.4    0.000257067
9.5    0.000269696
9.6    0.000280973
9.7    0.000290827
9.8    0.000299202
9.9    0.000306063
10    0.00031139
10.1    0.000315177
10.2    0.000317437
10.3    0.000318193
10.4    0.000317482
10.5    0.000315355
10.6    0.000311869
10.7    0.000307094
10.8    0.000301108
10.9    0.000293996
11    0.000285847
11.1    0.000276757
11.2    0.000266827
11.3    0.000256158
11.4    0.000244854
11.5    0.000233021
11.6    0.000220762
11.7    0.000208182
11.8    0.000195383
11.9    0.000182463
12    0.000169518
12.1    0.000156639
12.2    0.000143913
12.3    0.000131423
12.4    0.000119243
12.5    0.000107444
12.6    9.609e-005
12.7    8.5237e-005
12.8    7.49354e-005
12.9    6.52285e-005
13    5.61525e-005
13.1    4.77366e-005
13.2    4.00033e-005
13.3    3.29679e-005
13.4    2.66396e-005
13.5    2.10209e-005
13.6    1.61082e-005
13.7    1.18922e-005
13.8    8.35804e-006
13.9    5.48588e-006
14    3.25113e-006
14.1    1.62498e-006
14.2    5.74802e-007
14.3    6.46522e-008
14.4    5.57071e-008
14.5    5.06756e-007
14.6    1.37468e-006
14.7    2.6149e-006
14.8    4.1819e-006
14.9    6.02963e-006
15    8.11195e-006
15.1    1.03831e-005
15.2    1.2798e-005
15.3    1.53129e-005
15.4    1.78853e-005
15.5    2.04746e-005
15.6    2.30424e-005
15.7    2.55525e-005
15.8    2.79716e-005
15.9    3.02688e-005
16    3.24165e-005
16.1    3.43901e-005
16.2    3.61683e-005
16.3    3.77329e-005
16.4    3.90692e-005
16.5    4.01655e-005
16.6    4.10138e-005
16.7    4.16089e-005
16.8    4.19491e-005
16.9    4.20354e-005
17    4.18719e-005
17.1    4.14653e-005
17.2    4.08248e-005
17.3    3.9962e-005
17.4    3.88907e-005
17.5    3.76265e-005
17.6    3.61866e-005
17.7    3.45898e-005
17.8    3.2856e-005
17.9    3.1006e-005
18    2.90612e-005
18.1    2.70436e-005
18.2    2.49753e-005
18.3    2.28784e-005
18.4    2.07745e-005
18.5    1.8685e-005
18.6    1.66303e-005
18.7    1.46303e-005
18.8    1.27033e-005
18.9    1.08669e-005
19    9.13682e-006
19.1    7.52765e-006
19.2    6.05217e-006
19.3    4.72151e-006
19.4    3.54502e-006
19.5    2.53024e-006
19.6    1.68284e-006
19.7    1.00665e-006
19.8    5.0364e-007
19.9    1.73948e-007
