-30  0.00185131
-29.9  0.00208299
-29.8  0.002319
-29.7  0.00255718
-29.6  0.00279533
-29.5  0.0030312
-29.4  0.00326256
-29.3  0.00348717
-29.2  0.00370284
-29.1  0.00390745
-29  0.00409895
-28.9  0.00427539
-28.8  0.00443495
-28.7  0.00457596
-28.6  0.00469691
-28.5  0.00479647
-28.4  0.00487351
-28.3  0.0049271
-28.2  0.00495654
-28.1  0.00496137
-28  0.00494136
-27.9  0.00489652
-27.8  0.00482714
-27.7  0.00473374
-27.6  0.00461708
-27.5  0.00447818
-27.4  0.00431831
-27.3  0.00413894
-27.2  0.00394179
-27.1  0.00372877
-27  0.00350197
-26.9  0.00326367
-26.8  0.0030163
-26.7  0.0027624
-26.6  0.00250464
-26.5  0.00224576
-26.4  0.00198856
-26.3  0.00173585
-26.2  0.00149048
-26.1  0.00125524
-26  0.00103287
-25.9  0.000826036
-25.8  0.000637292
-25.7  0.000469051
-25.6  0.000323562
-25.5  0.000202886
-25.4  0.000108874
-25.3  4.31393e-005
-25.2  7.04562e-006
-25.1  1.68355e-006
-25  2.78582e-005
-24.9  8.60761e-005
-24.8  0.000176535
-24.7  0.000299118
-24.6  0.000453389
-24.5  0.00063859
-24.4  0.000853647
-24.3  0.00109717
-24.2  0.00136748
-24.1  0.00166258
-24  0.00198021
-23.9  0.00231786
-23.8  0.00267277
-23.7  0.00304197
-23.6  0.00342228
-23.5  0.00381039
-23.4  0.00420285
-23.3  0.00459608
-23.2  0.00498649
-23.1  0.0053704
-23  0.00574418
-22.9  0.00610423
-22.8  0.006447
-22.7  0.00676909
-22.6  0.00706723
-22.5  0.00733835
-22.4  0.00757957
-22.3  0.00778829
-22.2  0.00796218
-22.1  0.00809922
-22  0.00819772
-21.9  0.00825635
-21.8  0.00827417
-21.7  0.00825062
-21.6  0.00818555
-21.5  0.00807922
-21.4  0.00793234
-21.3  0.007746
-21.2  0.00752174
-21.1  0.00726151
-21  0.00696765
-20.9  0.00664288
-20.8  0.00629032
-20.7  0.00591339
-20.6  0.00551586
-20.5  0.00510177
-20.4  0.00467542
-20.3  0.00424131
-20.2  0.00380413
-20.1  0.00336868
-20  0.00293988
-19.9  0.00252266
-19.8  0.00212195
-19.7  0.00174264
-19.6  0.0013895
-19.5  0.00106715
-19.4  0.000780009
-19.3  0.000532242
-19.2  0.000327727
-19.1  0.000169995
-19  6.22021e-005
-18.9  7.07968e-006
-18.8  6.90594e-006
-18.7  6.34714e-005
-18.6  0.000178051
-18.5  0.000351383
-18.4  0.000583646
-18.3  0.00087445
-18.2  0.00122282
-18.1  0.00162722
-18  0.0020855
-17.9  0.00259496
-17.8  0.00315235
-17.7  0.00375386
-17.6  0.00439519
-17.5  0.00507154
-17.4  0.00577767
-17.3  0.00650795
-17.2  0.00725638
-17.1  0.00801664
-17  0.00878219
-16.9  0.00954625
-16.8  0.010302
-16.7  0.0110423
-16.6  0.0117605
-16.5  0.0124494
-16.4  0.0131025
-16.3  0.013713
-16.2  0.0142749
-16.1  0.014782
-16  0.015229
-15.9  0.0156107
-15.8  0.0159227
-15.7  0.016161
-15.6  0.0163223
-15.5  0.016404
-15.4  0.0164044
-15.3  0.0163224
-15.2  0.0161576
-15.1  0.0159107
-15  0.015583
-14.9  0.015177
-14.8  0.0146956
-14.7  0.0141428
-14.6  0.0135236
-14.5  0.0128436
-14.4  0.012109
-14.3  0.0113273
-14.2  0.0105061
-14.1  0.00965397
-14  0.00878004
-13.9  0.00789387
-13.8  0.00700548
-13.7  0.00612523
-13.6  0.00526375
-13.5  0.00443182
-13.4  0.0036403
-13.3  0.00290003
-13.2  0.00222168
-13.1  0.00161571
-13  0.00109222
-12.9  0.000660863
-12.8  0.000330729
-12.7  0.000110251
-12.6  7.10404e-006
-12.5  2.81087e-005
-12.4  0.000179141
-12.3  0.000465047
-12.2  0.00088957
-12.1  0.00145527
-12  0.00216349
-11.9  0.00301426
-11.8  0.00400631
-11.7  0.00513697
-11.6  0.00640224
-11.5  0.0077967
-11.4  0.00931357
-11.3  0.0109447
-11.2  0.0126806
-11.1  0.0145106
-11  0.0164226
-10.9  0.0184035
-10.8  0.0204391
-10.7  0.0225142
-10.6  0.0246128
-10.5  0.0267179
-10.4  0.0288123
-10.3  0.030878
-10.2  0.0328968
-10.1  0.0348503
-10  0.0367201
-9.9  0.038488
-9.8  0.0401361
-9.7  0.0416471
-9.6  0.0430043
-9.5  0.0441921
-9.4  0.0451958
-9.3  0.0460019
-9.2  0.0465987
-9.1  0.0469758
-9  0.0471247
-8.9  0.0470388
-8.8  0.0467137
-8.7  0.0461472
-8.6  0.0453394
-8.5  0.044293
-8.4  0.0430131
-8.3  0.0415077
-8.2  0.0397875
-8.1  0.0378657
-8  0.0357587
-7.9  0.0334855
-7.8  0.0310679
-7.7  0.0285306
-7.6  0.025901
-7.5  0.023209
-7.4  0.0204872
-7.3  0.0177707
-7.2  0.0150968
-7.1  0.012505
-7  0.0100366
-6.9  0.00773487
-6.8  0.00564454
-6.7  0.00381166
-6.6  0.00228335
-6.5  0.0011075
-6.4  0.00033254
-6.3  7.11868e-006
-6.2  0.000179796
-6.1  0.000898747
-6  0.00221143
-5.9  0.00416429
-5.8  0.0068024
-5.7  0.0101691
-5.6  0.0143059
-5.5  0.0192518
-5.4  0.0250432
-5.3  0.0317136
-5.2  0.0392932
-5.1  0.0478087
-5  0.0572831
-4.9  0.0677353
-4.8  0.0791797
-4.7  0.0916266
-4.6  0.105081
-4.5  0.119544
-4.4  0.135011
-4.3  0.151473
-4.2  0.168914
-4.1  0.187315
-4  0.20665
-3.9  0.22689
-3.8  0.247997
-3.7  0.269931
-3.6  0.292646
-3.5  0.316092
-3.4  0.340211
-3.3  0.364944
-3.2  0.390225
-3.1  0.415986
-3  0.442154
-2.9  0.468652
-2.8  0.4954
-2.7  0.522316
-2.6  0.549313
-2.5  0.576306
-2.4  0.603204
-2.3  0.629916
-2.2  0.656352
-2.1  0.68242
-2  0.708026
-1.9  0.73308
-1.8  0.757491
-1.7  0.78117
-1.6  0.804028
-1.5  0.82598
-1.4  0.846945
-1.3  0.866841
-1.2  0.885593
-1.1  0.903129
-1  0.91938
-0.9  0.934284
-0.8  0.947781
-0.7  0.95982
-0.6  0.970352
-0.5  0.979335
-0.4  0.986735
-0.3  0.992521
-0.2  0.99667
-0.1  0.999167
1.57402e-013  1
0.1  0.999167
0.2  0.99667
0.3  0.992521
0.4  0.986735
0.5  0.979335
0.6  0.970352
0.7  0.95982
0.8  0.947781
0.9  0.934284
1  0.91938
1.1  0.903129
1.2  0.885593
1.3  0.866841
1.4  0.846945
1.5  0.82598
1.6  0.804028
1.7  0.78117
1.8  0.757491
1.9  0.73308
2  0.708026
2.1  0.68242
2.2  0.656352
2.3  0.629916
2.4  0.603204
2.5  0.576306
2.6  0.549313
2.7  0.522316
2.8  0.4954
2.9  0.468652
3  0.442154
3.1  0.415986
3.2  0.390225
3.3  0.364944
3.4  0.340211
3.5  0.316092
3.6  0.292646
3.7  0.269931
3.8  0.247997
3.9  0.22689
4  0.20665
4.1  0.187315
4.2  0.168914
4.3  0.151473
4.4  0.135011
4.5  0.119544
4.6  0.105081
4.7  0.0916266
4.8  0.0791797
4.9  0.0677353
5  0.0572831
5.1  0.0478087
5.2  0.0392932
5.3  0.0317136
5.4  0.0250432
5.5  0.0192518
5.6  0.0143059
5.7  0.0101691
5.8  0.0068024
5.9  0.00416429
6  0.00221143
6.1  0.000898747
6.2  0.000179796
6.3  7.11868e-006
6.4  0.00033254
6.5  0.0011075
6.6  0.00228335
6.7  0.00381166
6.8  0.00564454
6.9  0.00773487
7  0.0100366
7.1  0.012505
7.2  0.0150968
7.3  0.0177707
7.4  0.0204872
7.5  0.023209
7.6  0.025901
7.7  0.0285306
7.8  0.0310679
7.9  0.0334855
8  0.0357587
8.1  0.0378657
8.2  0.0397875
8.3  0.0415077
8.4  0.0430131
8.5  0.044293
8.6  0.0453394
8.7  0.0461472
8.8  0.0467137
8.9  0.0470388
9  0.0471247
9.1  0.0469758
9.2  0.0465987
9.3  0.0460019
9.4  0.0451958
9.5  0.0441921
9.6  0.0430043
9.7  0.0416471
9.8  0.0401361
9.9  0.038488
10  0.0367201
10.1  0.0348503
10.2  0.0328968
10.3  0.030878
10.4  0.0288123
10.5  0.0267179
10.6  0.0246128
10.7  0.0225142
10.8  0.0204391
10.9  0.0184035
11  0.0164226
11.1  0.0145106
11.2  0.0126806
11.3  0.0109447
11.4  0.00931357
11.5  0.0077967
11.6  0.00640224
11.7  0.00513697
11.8  0.00400631
11.9  0.00301426
12  0.00216349
12.1  0.00145527
12.2  0.00088957
12.3  0.000465047
12.4  0.000179141
12.5  2.81087e-005
12.6  7.10404e-006
12.7  0.000110251
12.8  0.000330729
12.9  0.000660863
13  0.00109222
13.1  0.00161571
13.2  0.00222168
13.3  0.00290003
13.4  0.0036403
13.5  0.00443182
13.6  0.00526375
13.7  0.00612523
13.8  0.00700548
13.9  0.00789387
14  0.00878004
14.1  0.00965397
14.2  0.0105061
14.3  0.0113273
14.4  0.012109
14.5  0.0128436
14.6  0.0135236
14.7  0.0141428
14.8  0.0146956
14.9  0.015177
15  0.015583
15.1  0.0159107
15.2  0.0161576
15.3  0.0163224
15.4  0.0164044
15.5  0.016404
15.6  0.0163223
15.7  0.016161
15.8  0.0159227
15.9  0.0156107
16  0.015229
16.1  0.014782
16.2  0.0142749
16.3  0.013713
16.4  0.0131025
16.5  0.0124494
16.6  0.0117605
16.7  0.0110423
16.8  0.010302
16.9  0.00954625
17  0.00878219
17.1  0.00801664
17.2  0.00725638
17.3  0.00650795
17.4  0.00577767
17.5  0.00507154
17.6  0.00439519
17.7  0.00375386
17.8  0.00315235
17.9  0.00259496
18  0.0020855
18.1  0.00162722
18.2  0.00122282
18.3  0.00087445
18.4  0.000583646
18.5  0.000351383
18.6  0.000178051
18.7  6.34714e-005
18.8  6.90594e-006
18.9  7.07968e-006
19  6.22021e-005
19.1  0.000169995
19.2  0.000327727
19.3  0.000532242
19.4  0.000780009
19.5  0.00106715
19.6  0.0013895
19.7  0.00174264
19.8  0.00212195
19.9  0.00252266
20  0.00293988
20.1  0.00336868
20.2  0.00380413
20.3  0.00424131
20.4  0.00467542
20.5  0.00510177
20.6  0.00551586
20.7  0.00591339
20.8  0.00629032
20.9  0.00664288
21  0.00696765
21.1  0.00726151
21.2  0.00752174
21.3  0.007746
21.4  0.00793234
21.5  0.00807922
21.6  0.00818555
21.7  0.00825062
21.8  0.00827417
21.9  0.00825635
22  0.00819772
22.1  0.00809922
22.2  0.00796218
22.3  0.00778829
22.4  0.00757957
22.5  0.00733835
22.6  0.00706723
22.7  0.00676909
22.8  0.006447
22.9  0.00610423
23  0.00574418
23.1  0.0053704
23.2  0.00498649
23.3  0.00459608
23.4  0.00420285
23.5  0.00381039
23.6  0.00342228
23.7  0.00304197
23.8  0.00267277
23.9  0.00231786
24  0.00198021
24.1  0.00166258
24.2  0.00136748
24.3  0.00109717
24.4  0.000853647
24.5  0.00063859
24.6  0.000453389
24.7  0.000299118
24.8  0.000176535
24.9  8.60761e-005
25  2.78582e-005
25.1  1.68355e-006
25.2  7.04562e-006
25.3  4.31393e-005
25.4  0.000108874
25.5  0.000202886
25.6  0.000323562
25.7  0.000469051
25.8  0.000637292
25.9  0.000826036
26  0.00103287
26.1  0.00125524
26.2  0.00149048
26.3  0.00173585
26.4  0.00198856
26.5  0.00224576
26.6  0.00250464
26.7  0.0027624
26.8  0.0030163
26.9  0.00326367
27  0.00350197
27.1  0.00372877
27.2  0.00394179
27.3  0.00413894
27.4  0.00431831
27.5  0.00447818
27.6  0.00461708
27.7  0.00473374
27.8  0.00482714
27.9  0.00489652
28  0.00494136
28.1  0.00496137
28.2  0.00495654
28.3  0.0049271
28.4  0.00487351
28.5  0.00479647
28.6  0.00469691
28.7  0.00457596
28.8  0.00443495
28.9  0.00427539
29  0.00409895
29.1  0.00390745
29.2  0.00370284
29.3  0.00348717
29.4  0.00326256
29.5  0.0030312
29.6  0.00279533
29.7  0.00255718
29.8  0.002319
29.9  0.00208299
